0.1295507 -0.0189606 0.0132430
0.3429243 0.0056843 0.0389138
0.3970342 0.0144208 0.0202629
0.4028280 -0.3713786 0.1819497
0.3491897 -0.4795345 -0.0576180
0.3304855 -0.5759269 -0.2417246
0.2790279 -0.7137369 -0.1179232
0.1403261 -0.7450177 -0.0658737
0.2069330 -0.3569511 -0.0635352
0.1879965 -0.1516795 -0.0145518
0.0472654 -0.2328446 -0.2949282
0.1918479 -0.4003799 -0.2961452
0.0002201 -0.2706979 -0.2672942
-0.1145406 -0.4472579 -0.4799108
-0.1365909 -0.3888847 -0.3392762
-0.1119585 -0.4565619 -0.3688455
-0.1429878 -0.2427155 -0.4150811
-0.1215652 -0.2265906 -0.4951977
-0.0020889 -0.1410477 -0.5884940
0.0262224 -0.2076512 -0.5108337
0.1892822 0.0883819 -0.2610160
0.2936909 0.0971053 -0.5521220
0.2392346 -0.0678525 -0.6827936
0.2043990 -0.1104452 -0.7721134
0.2137428 -0.2735385 -0.8046959
0.2567001 -0.1995910 -0.8609467
0.1211073 -0.0804564 -0.8905339
0.0717661 -0.1145459 -0.6498011
0.0331831 -0.3314332 -0.3735720
0.0890852 -0.3514904 -0.2369039
-0.1430155 -0.5070225 -0.1345261
-0.1511386 -0.7929799 0.0738177
-0.1237406 -0.7698249 -0.0530384
-0.1920128 -0.7667201 0.0681089
-0.3477345 -0.5324810 0.1148470
-0.3664386 -0.5901539 0.0058022
-0.5803707 -0.5341845 0.1837200
-0.4248904 -0.5784223 0.0123287
-0.4435841 -0.5509742 0.0297753
-0.4141725 -0.6102216 -0.1730359
-0.5308350 -0.3625437 -0.4022985
-0.4767899 -0.4245232 -0.5264847
-0.6551559 -0.4792272 -0.4205202
-0.7313316 -0.9117863 -0.4802872
-0.8892643 -1.0251540 -0.5596892
-0.8484086 -0.8584352 -0.6532697
-0.6896868 -0.7353690 -0.2004735
-0.7569632 -0.7769058 -0.2167621
-0.8362274 -0.9950491 -0.3309532
-1.0512766 -1.1302289 -0.3988769
-0.9324769 -0.9833077 -0.4178881
-1.1062831 -1.0554390 -0.4528416
-1.0541458 -1.0604884 -0.2334934
-1.1369593 -1.1116838 -0.0996782
-1.2376823 -1.2528312 0.0673744
-1.3711228 -1.2755958 -0.0111567
-1.2777505 -1.2657581 -0.0653859
-1.2500735 -1.2945556 -0.3234847
-1.1416823 -1.3583860 -0.2328685
-1.0648284 -1.4327269 -0.2756129
-1.1101219 -1.5068977 -0.1840401
-1.1671784 -1.5417492 -0.2746348
-1.1714465 -1.4133213 -0.1676017
-1.2520942 -1.1715095 -0.1211532
-1.0745859 -1.1609906 -0.1130237
-1.1616120 -1.1460528 0.0605997
-1.0923102 -1.2643244 0.1843450
-1.2095433 -1.2287818 0.4319971
-1.2436896 -1.2461176 0.4957488
-1.3597189 -1.1443701 0.6286402
-1.5743962 -1.3404440 0.5905577
-1.4192778 -1.3705715 0.4650021
-1.5201160 -1.5072691 0.2819193
-1.3580395 -1.4830665 0.2873401
-1.4386104 -1.3769182 0.3317976
-1.5212939 -1.4811883 0.3348748
-1.4843974 -1.3613137 0.0857718
-1.1888875 -1.3358974 0.1343979
-1.1041491 -1.2135887 0.4545215
-0.9964178 -1.2584718 0.4637406
-0.9498659 -1.4191198 0.4955222
-0.8101225 -1.4104214 0.4382869
-0.6545140 -1.3659422 0.3256256
-0.6901863 -1.3083229 0.3190769
-0.7422281 -1.3804756 0.4144543
-0.8009887 -1.3861922 0.3713987
-0.8456732 -1.2435878 0.3702916
-0.8190680 -1.1849493 0.5174586
-0.7964252 -1.2519408 0.5615878
-0.8108068 -1.3006223 0.6694328
-0.7909397 -1.2625779 0.6613304
-0.7044415 -0.9536190 0.7134484
-0.8133521 -0.8812377 0.6633122
-0.8639794 -0.7329772 0.8853444
-0.8096964 -0.5402819 0.8054531
-0.7259159 -0.3752742 0.7343513
-0.6371606 -0.2856702 0.5847582
-0.5968085 -0.3019639 0.7464942
-0.5184096 -0.0258760 0.7134000
-0.5421795 -0.0098096 0.8053753
-0.6608901 0.0480283 0.8600326
-0.7498228 0.0211692 0.9175105
-0.6668303 -0.2052530 0.9107707
-0.6769941 -0.1318179 0.9284669
-0.7812077 -0.1864968 0.9650621
-0.7128992 -0.1661326 0.9637486
-0.6187269 -0.4401644 0.8713239
-0.5526856 -0.2390603 1.0328840
-0.5222955 -0.4463314 1.1198039
-0.6403279 -0.4706954 0.9327755
-0.6947975 -0.3983447 0.9375908
-0.6824757 -0.5135605 0.9023835
-0.6224900 -0.5668631 0.8249181
-0.7070863 -0.7203935 0.8068655
-0.4382813 -0.5712285 0.6205021
-0.2568696 -0.6144606 0.5613563
-0.2545545 -0.6197644 0.5963643
-0.3255588 -0.7344683 0.3567814
-0.2718081 -0.6925451 0.1217254
-0.2162755 -0.6581545 0.0084103
-0.2798705 -0.6528562 -0.1899988
-0.2295757 -0.5777180 -0.1075974
-0.3536035 -0.5324136 -0.0093868
-0.2756319 -0.6106896 0.0555867
-0.4123218 -0.5129340 -0.2909404
-0.4815059 -0.6773244 -0.5602352
-0.4597890 -0.6575438 -0.5840028
-0.4610909 -0.7419780 -0.7249162
-0.5039218 -0.6667234 -0.7363948
-0.5290373 -0.3876520 -0.8623282
-0.4313380 -0.4689009 -0.5135851
-0.3987117 -0.5630687 -0.5661683
-0.4249553 -0.3298474 -0.5953836
-0.5066808 -0.4701369 -0.2931245
-0.4920884 -0.2722258 -0.3050942
-0.6054216 -0.1162817 -0.0249686
-0.7391285 -0.0697384 -0.1365450
-0.8568636 -0.0081296 -0.0925418
-0.8215777 0.0367115 -0.0329215
-1.0491480 0.1054020 -0.0349650
-0.9855682 0.2380051 -0.0155638
-1.1481457 0.1453540 -0.1534557
-1.1700212 0.3569278 -0.2198254
-1.2513694 0.5109847 -0.2368791
-1.3150137 0.5947008 -0.5545020
-1.3492462 0.4472082 -0.4960008
-1.4911955 0.4529167 -0.7861283
-1.6790383 0.6662744 -0.7375420

