6.045370 3.732434 -9.597405
4.084579 6.064065 -10.551833
10.530636 6.599005 -10.234628
6.973894 4.774734 -7.106030
10.070970 6.486225 -8.735693
5.353155 5.280069 -12.623773
8.606547 4.004001 -13.611076
11.129008 7.090792 -9.965769
11.687557 6.746947 -11.693920
9.165049 1.425367 -12.934297
9.124182 3.198580 -11.508817
10.372537 6.544010 -13.410055
11.368157 7.205017 -11.356310
7.184778 4.547541 -10.976583
10.684851 4.729464 -9.726765
9.519394 5.747430 -12.924175
9.375039 6.428943 -8.393181
8.792252 4.586525 -8.712892
9.041812 2.236594 -10.239643
10.895681 7.584243 -11.415007
12.441094 8.662510 -7.621576
9.910784 4.724799 -11.134570
10.587535 7.894307 -9.653234
10.517253 5.939632 -12.912788
9.373191 3.470993 -10.941828
9.643652 6.415533 -11.647161
4.107100 5.780456 -9.526055
12.574336 4.830705 -12.247714
4.877207 4.881140 -10.116350
3.483668 5.258718 -9.685599
2.569020 4.232686 -8.796659
5.118331 5.143881 -12.744000
5.327259 4.274361 -11.259453
4.840004 4.613375 -10.888260
6.569257 5.224581 -10.019405
4.342960 5.568817 -11.130483
5.482487 5.291984 -9.512455
5.726883 8.248219 -7.859531
7.260272 3.839983 -12.734341
10.777426 2.592773 -11.456316
9.884876 3.228493 -10.484026
9.716491 5.001874 -11.252405
10.628511 5.025532 -8.891030
11.122381 3.109987 -10.527295
9.129812 3.712719 -10.898533
8.999011 5.122751 -12.282591
6.394986 1.076780 -11.486931
9.714330 4.504181 -8.239354
7.054942 1.990284 -10.382872
9.982575 4.385074 -13.169845
11.103121 4.344263 -11.933389
5.858739 3.816696 -11.199926
9.156501 3.455816 -8.777107
3.698981 3.365283 -12.339592
8.001148 2.632270 -7.836530
8.915292 3.198775 -8.186344
5.299967 2.214350 -13.318546
4.516658 3.509508 -14.123502
9.344965 0.395206 -10.064933
4.140440 4.200620 -8.751062
7.524213 7.933191 -13.716274
6.337279 -0.107161 -11.646986
8.078416 3.171703 -7.735365
7.672845 2.514065 -7.053309
8.075169 3.435601 -8.904319
7.588159 6.264716 -8.779634
4.968393 2.963932 -6.568979
7.984675 6.792007 -8.997532
5.803984 5.017848 -9.322323
9.397318 3.836374 -10.174530
7.952402 8.169108 -8.984553
5.832267 1.457215 -7.651039
10.000048 8.883091 -9.119290
9.390068 7.978062 -7.811579
9.688114 5.686804 -7.947434
6.569542 5.212689 -10.237004
7.256746 6.672273 -11.038363
7.057726 9.012201 -9.155750
2.402005 3.283230 -9.858787
7.569074 0.671814 -9.667131
2.973701 4.752234 -9.927589
4.550264 3.904055 -12.391538
4.830423 4.672779 -10.703778
5.597978 7.708524 -6.807836
5.345789 7.644725 -5.801013
7.617965 5.725237 -7.790465
9.677075 6.458700 -9.925546
9.980374 7.408910 -8.956966
7.137568 2.049959 -11.479528
6.242569 3.332470 -9.609599
3.605607 1.058572 -9.056288
4.412264 2.174888 -12.633764
4.403288 2.396587 -12.488868
6.779059 -0.526616 -13.006139
5.140898 1.368050 -11.235108
6.420789 2.363515 -11.411705
4.789386 1.139717 -11.782024
2.373363 3.176672 -9.868864
7.724152 1.483836 -12.177737
6.013204 1.472108 -10.531082
3.965057 1.313228 -12.351166
5.276253 2.386380 -8.918244
8.619024 3.883161 -11.391304
6.805292 4.409642 -14.392994
6.521341 1.219109 -13.164531
8.336687 5.026041 -12.998990
3.392363 8.643676 -9.836815
3.267620 8.502935 -9.910980
8.787301 0.875281 -9.459120
6.641288 0.740251 -12.098152
9.207181 0.833763 -9.159192
9.053988 0.016260 -10.347600
5.268209 1.490848 -9.270430
5.836088 2.865086 -13.730793
6.689478 0.736329 -13.027140
5.689723 2.730742 -8.382715
5.613572 6.027731 -8.586133
4.414139 3.021958 -6.760177
-1.347864 7.961652 -9.842859
6.189545 5.082780 -6.403631
5.103741 5.236433 -6.318369
5.999942 3.135819 -6.892761
4.403788 3.438627 -6.694773
4.840270 3.569673 -6.887129
5.264535 2.912356 -7.371693
5.598578 7.096323 -8.159460
4.018029 2.852798 -6.311108
6.468327 4.401707 -14.444352
7.383025 7.920941 -12.811782
7.152155 7.132756 -12.441997
9.621428 0.529328 -11.387209
9.543617 8.626498 -10.441443
7.564297 6.191644 -10.481128
7.586898 7.050690 -10.711091
7.388463 5.088705 -7.536973
4.942534 4.291169 -8.496911
5.984505 2.807508 -9.187845
6.640335 7.180992 -11.520485
7.239681 7.839867 -12.461610
9.064460 8.405865 -10.868602
5.836035 1.917250 -11.994007
9.030572 3.086813 -13.436994
3.429239 3.966347 -11.808183
7.909124 2.612177 -13.512625
7.791192 2.939953 -12.658134
7.188350 3.442369 -11.916274
6.571701 2.679758 -11.974359
9.425662 0.656437 -11.169008
10.274078 1.810566 -10.768110
9.631685 1.103284 -11.548564
6.498133 2.893068 -11.971884
7.635785 2.273032 -13.107457
6.941169 2.675666 -10.653400
10.241791 6.706784 -10.063412
8.648874 7.357790 -11.093267
9.194088 5.580740 -9.615139
10.019286 9.643317 -10.738887
6.200079 5.752333 -12.328137
10.102000 8.868559 -11.355540
4.726675 1.060268 -8.866659
9.295865 7.544818 -12.189735
10.372671 8.624585 -11.613173
7.995988 0.658253 -9.718112
9.544919 8.010378 -9.556347
4.546837 3.559560 -8.472045
9.358300 2.643331 -12.347798
9.146934 3.600251 -12.474225
11.589242 3.634116 -11.778172
5.430792 2.908453 -9.960488
8.515563 7.023386 -9.100566
12.333443 3.710559 -9.992293
4.340657 3.041363 -10.168931
11.308621 5.400193 -8.503236
10.772495 1.231718 -6.594611
11.141588 2.652948 -8.347300
11.358637 3.434987 -11.653957
9.252095 7.040637 -12.738534
9.116976 6.177904 -8.114654
-10.966974 -2.657126 7.723960
-11.510235 -0.764235 2.877402
-12.987721 -1.971061 3.085930
-11.231414 -1.971607 3.914750
-12.106103 -3.310407 4.646173
-11.921709 -2.893260 3.565842
-12.439347 -3.635945 4.867148
-12.763226 -1.784254 4.354214
-11.215364 -2.059916 5.220996
-11.024246 -1.693600 4.147805
-11.054537 -2.689400 7.466903
-8.793606 -5.643845 9.145316
-10.761571 -1.139338 2.434001
-10.616056 -3.029987 0.674851
-11.391066 -1.318858 1.800283
-10.779890 -1.815993 1.352736
-12.583624 -1.317193 1.522270
-11.463529 -1.825594 0.987262
-12.843958 -2.126708 3.259904
-10.507047 -0.686973 3.089974
-12.079601 -1.854842 1.926245
-9.952771 0.095320 3.012342
-10.839240 -1.292860 1.259399
-13.552950 -0.791695 2.847086
-10.918385 -1.015269 2.853776
-13.148973 -0.579483 2.411727
-6.714347 -4.131671 10.240357
-7.649768 0.402298 3.710923
-7.663144 -0.492197 4.698711
-7.396763 -4.684394 7.489578
-7.873665 -1.697386 8.366134
-10.136128 -0.161142 3.034866
-7.540657 -4.775449 9.596317
-7.834652 -0.424536 3.721604
-7.957573 0.099471 3.800485
-6.957935 -3.193726 10.343658
-9.881633 -3.688222 9.052187
-8.827353 -2.489974 11.686702
-6.630557 -5.788500 7.209217
-13.105497 -4.141250 0.935021
-14.794040 -3.156592 4.383717
-14.149334 -1.788089 2.914959
-12.842499 -3.113380 2.732183
-14.139217 -3.572829 4.236461
9.004542 6.251924 12.609701
-13.086680 -2.426628 3.218444
-13.785915 -3.211181 5.209351
-13.393797 -2.544994 5.763790
-11.854110 -2.057035 3.549735
-14.272360 -2.402556 3.711934
-14.036203 -3.207431 4.268712
-13.632851 -2.650978 2.776841
7.417145 6.710943 13.330690
7.748031 5.192716 12.461761
5.891307 6.028219 12.674400
7.576024 6.057252 12.056468
6.307030 7.358705 11.874238
7.610407 5.747750 11.417637
7.187441 7.331113 11.873488
6.377037 6.195011 11.604524
7.205900 7.239648 12.571394
6.036198 6.270261 11.472410
6.726694 7.144101 13.332359
-7.356529 -2.207478 6.579809
7.017278 8.059171 14.193264
-5.892048 -4.041917 9.266265
-7.922778 -4.072555 6.597335
-7.821859 -4.175112 7.279734
-4.318556 -3.214367 9.745229
-4.371445 -3.382021 9.585102
-7.831958 -1.608231 10.683526
-5.440260 -6.445217 8.687257
-7.308294 -1.571445 11.125559
-5.133827 -6.195551 7.831120
-5.689188 -5.784837 7.169757
-5.434174 -4.718553 7.996722
-4.976972 -5.064593 8.905458
-5.214966 -4.409409 9.608043
-9.401915 -3.813320 11.154623
-9.402597 -1.387073 11.155508
-8.109030 -2.132318 10.612194
-6.173512 -2.213409 6.551425
-6.108655 -3.335480 7.697611
9.050254 4.827257 11.387370
-6.189003 -1.230698 10.115235
-7.398448 -5.233898 6.851279
-6.162689 -4.597819 10.222716
-7.777498 -5.310818 10.532765
-8.494663 -3.954367 8.737474
-8.384502 -3.391421 10.435347
-6.074373 -1.874647 10.316205
8.218297 4.853970 11.903904
8.758507 5.200014 11.835089
8.221397 4.745470 11.220904
7.503640 7.650696 14.648039
8.073767 6.051984 13.439665
8.214557 5.817707 13.081846
7.225830 7.375234 14.271895
8.337005 6.358765 13.664510
8.660103 5.697099 11.296197
8.411810 6.981426 13.896078
7.957584 7.063952 14.089199
7.854500 7.928690 13.576457
8.152836 6.034234 12.978647
-6.148779 -1.053336 7.921439
-7.180915 -1.962340 8.156193
-9.307732 -3.361925 10.323795
-5.285816 -2.607634 8.318614
-9.312755 -4.429982 9.428198
-5.974553 -5.916653 8.406895
-9.717590 -3.463737 10.606572
-8.021516 -5.421511 8.596353
-9.446347 -2.670557 9.980292
-5.109847 -1.794179 9.070881
-7.603402 -2.911517 9.706723
-7.434064 -6.314019 9.432296
-8.624338 -4.639375 9.679084
-11.847487 -2.898386 5.333704
-12.277856 -3.574616 4.913929
-10.242436 -5.162957 7.019293
-6.978048 -2.332062 9.369594
-11.408147 -4.310847 6.293597
-9.886226 -4.317447 12.047824
-7.787056 -5.557857 8.650415
-9.023058 -3.112301 10.732981
-11.162016 -4.949840 7.088298
-8.203233 -6.179346 9.662943
-8.039662 -5.246637 9.209194
-7.411550 -6.968491 8.224923
7.829357 -10.258036 -2.560720
-12.870498 -5.669135 1.698994
-11.033656 -4.660576 6.674936
-10.586079 -1.794313 0.720580
-10.599439 -4.827100 11.446339
-9.930180 -3.442133 11.028475
-12.475165 -3.553084 3.077408
-8.435786 -3.881698 11.033871
-11.863299 -3.886475 4.456936
-10.128530 -1.675337 10.797248
-9.455821 -3.326039 12.229338
-10.609158 -3.227701 10.019336
-7.244334 -5.316671 9.277397
-9.457712 -5.725068 10.880276
-13.161390 -4.742466 1.791993
-12.277727 -4.726587 1.495786
-13.155932 -3.213244 2.207665
-11.714233 -3.354947 0.421401
-11.309768 -3.772192 0.460454
-11.992220 -5.336049 0.626631
-12.498371 -5.056321 0.261396
-11.923475 -4.803060 -0.146178
-13.192143 -5.282198 1.518293
-12.737899 -2.564935 1.450752
-11.467970 -4.222392 0.873249
-11.377382 -4.116778 0.511507
-12.989388 -4.947057 0.463837
-11.062419 -4.738366 9.661022
-9.103929 -5.810322 7.587915
-8.389345 -6.485685 7.778877
-10.438164 -3.434590 12.154496
-9.135096 -5.178740 11.309186
-9.079732 -6.560509 8.291064
-9.879890 -4.842822 9.589906
-9.793422 -5.215873 11.532914
-10.427850 -4.426289 12.485142
-11.100344 -3.542734 11.643830
-9.931205 -3.771311 10.640917
-10.490365 -2.534078 11.651827
-10.431325 -2.780117 12.304693
-8.040532 -2.891699 6.362203
-4.945832 -4.116102 8.373610
-8.094562 -4.384218 6.335778
-7.468504 -2.490694 6.568648
-6.383202 -3.564123 8.483070
-6.658566 -4.111249 6.266117
-4.967122 -2.736022 8.038461
-5.340859 -1.852802 6.648431
-6.357898 -0.254184 8.556186
-5.610618 -2.417972 9.211438
-7.083382 -3.472130 7.249929
-6.191549 -1.701146 6.582170
-6.224486 -1.664616 7.599203
10.098139 -2.492790 -2.759686
12.136256 5.023699 2.260898
13.312769 0.769575 1.871597
9.114529 -1.549814 -1.479683
10.372998 -2.704647 -0.478397
11.107268 -2.343634 -2.245279
10.090619 -2.480691 -2.563877
10.870369 -2.980494 -1.881891
11.626166 -3.009288 -1.976652
11.935777 0.805953 6.269692
12.447315 -0.660689 0.546109
10.061341 -2.057784 -1.511517
10.088436 -1.389033 -1.503992
9.862685 0.006784 6.817059
9.214176 -1.382939 5.542843
9.158409 1.651979 0.158956
7.860580 0.913472 5.072708
9.306504 -0.926469 5.391600
11.576847 1.049831 7.864869
8.335978 1.895757 5.785903
8.827363 1.882003 0.124776
8.396697 0.246247 5.064510
9.400508 -0.049865 5.638849
11.472247 0.551820 8.443102
11.723760 0.741774 8.390412
7.557216 0.905988 5.305934
12.374506 -0.598385 3.365973
11.722434 -0.068158 4.051371
11.825164 -1.386790 4.602351
11.720135 -1.061582 6.265553
9.762127 -0.834985 4.203347
11.985464 -1.216239 2.945306
12.160748 0.026066 4.468072
11.017114 0.719675 3.471259
10.927395 -1.840774 5.402578
10.360921 -1.279359 4.056910
11.898301 -1.641950 3.179632
11.567243 -1.858607 5.234432
11.460734 0.907858 4.244819
12.261727 4.593997 3.064088
11.086670 5.119460 1.438004
11.753413 4.571376 4.450130
10.569553 5.352133 1.824640
11.068539 3.336206 2.620968
10.729164 3.691133 1.706921
10.633427 4.762933 0.819209
11.272886 5.351738 3.013826
12.543551 3.012710 4.865011
10.979229 3.705947 6.390484
12.593698 2.688619 5.453893
10.961906 5.078516 4.380276
9.126043 -1.786648 -2.032367
13.126483 3.560719 -1.328203
15.504879 3.829719 0.636729
15.255893 4.003625 0.715718
14.807269 2.083832 0.910857
15.425212 2.406225 1.190860
13.716750 2.332302 0.871600
15.356372 2.442843 1.300454
14.276216 4.407250 0.944561
13.217968 -0.454907 3.445441
12.818130 1.522351 6.649438
15.663079 2.497748 1.540719
11.359112 0.588568 2.727245
15.505661 1.625016 1.459263
7.337393 -0.666817 3.940494
7.189376 0.343645 3.616749
8.613682 0.082428 2.806099
7.645889 1.127988 0.899989
7.285694 0.552632 2.466070
6.951443 1.897896 0.951519
6.654673 2.121447 -0.561519
7.558892 0.738148 1.660892
7.254247 0.773931 4.311332
11.042336 -1.774168 6.972922
7.518700 -0.865747 2.749269
8.348790 -0.845131 2.281068
6.654848 -1.731197 3.550694
10.683455 -0.184556 5.857414
11.077439 1.008815 4.986486
10.558352 -1.738139 7.063848
8.770476 -0.129778 4.488893
11.092517 0.311863 8.576666
10.390573 -2.009022 6.075535
10.100037 3.333343 4.769150
10.710181 -0.970273 7.586829
10.480634 0.364955 7.987882
9.180903 0.396050 -0.246374
10.533685 -0.305683 7.942651
0.912806 -6.438557 -10.466317
8.757691 -1.196223 3.261226
13.138602 0.742483 3.710572
10.949223 2.270560 7.213534
12.397495 1.982771 3.123034
11.677413 2.243180 3.000408
12.531421 4.437605 0.024321
16.845240 4.477581 2.078791
12.274174 3.522802 0.321541
13.378908 4.113957 0.127643
11.768354 2.385150 4.456780
13.491188 2.445875 1.881076
12.590054 4.548112 0.321030
10.589917 3.837419 3.787985
12.110628 0.947769 5.555659
12.472797 0.370144 0.487957
13.714948 3.250024 0.972622
12.012794 2.414341 -0.315683
12.831853 2.954015 0.101317
10.785214 4.622901 0.997469
11.582499 3.567082 -2.293818
12.330414 3.741248 2.308291
11.080784 3.570562 4.146265
12.524172 0.453468 0.457127
12.935476 3.898591 -1.089743
11.374749 0.103674 5.827415
13.214764 1.187040 3.016263
9.157083 -0.206670 2.144038
10.218039 1.172827 1.233360
8.375099 -0.209036 2.963800
10.751375 -1.447386 5.491511
10.726319 0.039132 3.032090
11.007061 -1.031664 2.326630
9.255963 0.408830 0.070850
10.660557 -2.060712 3.123804
10.295470 -1.394069 6.963522
10.808797 -2.271339 4.539239
10.508384 -1.238071 2.405026
11.154930 2.374185 -0.846189
12.280577 5.052755 -1.352844
11.237564 3.345879 -1.385935
11.884046 2.801341 -2.001328
11.730016 2.889371 -3.046075
11.443059 4.640242 -2.210182
12.231148 2.506027 -2.350200
10.638549 3.187617 1.144727
10.914643 4.289931 -2.649175
13.443745 3.176623 -0.082773
12.989605 2.421151 -1.885081
12.138322 3.543835 -0.235722
13.419849 2.613361 -1.206957
11.063082 3.277528 6.746050
10.110222 3.096630 6.801054
10.814275 2.777314 5.496595
9.535361 3.305514 3.218188
10.725174 3.847346 5.336830
9.574386 3.942524 4.498704
9.358066 4.130287 5.231771
10.069846 2.578887 5.088398
10.052635 3.813603 4.826366
10.879260 2.090399 8.324479
10.450381 2.820655 3.802949
10.542105 1.924889 0.861276
9.169621 3.721609 5.207810
13.320999 0.697435 1.589965
10.472545 4.646285 -1.659422
10.324946 5.027025 0.225665
10.715727 4.186190 -3.285759
11.843588 2.239100 2.872809
11.505315 4.767993 -2.856000
7.887013 -0.802395 4.151572
10.621666 4.937623 -1.578587
10.780079 0.300944 6.340794
8.386760 2.378073 6.133680
11.569706 2.133120 -1.561634
12.218997 3.102355 3.947817
7.329248 -0.942611 3.551826
8.520876 2.235028 2.351632
10.340770 1.799759 8.024069
10.579931 2.472652 5.794669
10.561642 1.530103 7.781447
9.965827 4.086338 6.828313
8.310238 3.199656 2.932688
8.517616 0.866985 2.568570
8.529267 2.170205 2.416332
9.250801 3.345605 3.291638
11.057796 4.694696 4.978041
10.070421 4.693282 6.145060
-6.186333 -1.383908 -13.953007
-2.773555 -4.658623 -12.910966
-0.182673 -6.620244 -11.690356
-4.761661 -7.049706 -12.688920
-2.224298 -5.751748 -14.587747
-4.120183 -6.924398 -12.933946
-3.237922 -6.826123 -11.760063
-2.063108 -7.246809 -13.952320
-2.024603 -7.652527 -11.819538
-2.884400 -6.862640 -12.373467
-1.253009 -7.418046 -13.956443
-1.950279 -8.316676 -14.195061
1.745269 -7.278346 -15.772231
-0.782702 -8.217143 -12.530832
-3.491607 -6.746561 -12.469450
-0.960337 -7.059790 -12.139897
-1.580344 -5.568879 -13.673729
-3.160274 -6.491828 -11.298993
-3.413745 -8.458316 -12.396548
-1.397251 -6.591205 -10.824210
-3.452109 -8.284573 -12.983424
-2.021741 -7.938801 -12.306142
-1.984836 -8.398845 -12.214542
-3.087113 -7.454144 -13.013199
-1.214500 -7.372448 -11.330978
-0.225047 -6.362678 -11.036991
-5.972172 -0.990221 -15.139564
-2.638994 -0.674710 -13.082535
-5.943876 -3.020271 -11.573573
-2.523380 -1.625154 -13.010734
-4.025780 -0.911139 -15.292460
-2.228385 -2.064810 -12.246496
-4.622621 -0.081082 -13.785185
-3.204556 -1.824197 -14.086794
-2.331665 -1.076775 -12.640551
-2.949285 -3.609593 -12.952590
-4.629685 -1.297735 -15.123347
-4.172069 -1.860272 -15.982464
-5.951256 -3.854627 -12.755841
-2.646977 -4.591591 -14.030317
-1.636842 -3.127120 -12.761221
-7.872193 0.392857 -14.888711
-9.596167 -2.221935 -12.043247
-8.505495 -0.772677 -14.734728
-9.316676 -1.268487 -14.330609
-8.135773 -0.473037 -15.697535
-8.768419 -1.168893 -14.518640
-7.664940 0.305870 -15.733273
-7.963577 0.373424 -14.896343
-7.414566 0.207700 -15.746178
-5.866297 0.687875 -15.544919
-6.052712 0.106797 -14.926484
-8.265923 1.099698 -15.087688
-9.016122 -4.982180 -8.501487
-7.260941 -5.578029 -8.434310
-7.280809 -6.097337 -7.655991
-8.361089 -4.756219 -9.044224
-8.661059 -5.580975 -9.003442
-6.383753 -6.330734 -10.227200
-8.674778 -5.089049 -7.225785
-8.362167 -5.048702 -8.353707
-9.083723 -5.746687 -8.776091
-7.661967 -4.835236 -7.422352
-7.886363 -5.544365 -6.866861
-8.138391 -5.395794 -8.943717
-7.865063 -5.135650 -8.818786
-2.037732 -1.056106 -12.048008
-1.910732 -0.906022 -10.546607
-1.421141 -0.972486 -13.139526
-1.619384 -3.973159 -9.210216
-2.031068 -1.781165 -10.654232
-1.609429 -1.532543 -11.777223
-2.157656 -2.638281 -9.883851
-2.942675 -2.576321 -13.041170
-1.589347 -1.545401 -11.740581
-1.337605 -1.973412 -10.068152
-5.329867 -1.288775 -16.898695
-5.323060 -1.237013 -16.819125
-1.969624 -1.239159 -14.075910
-4.160812 -1.287821 -16.884947
-4.245243 -2.492967 -14.727032
-5.298765 -3.662530 -14.173310
-5.356755 -4.525211 -14.908388
-5.127785 -4.134145 -15.777704
-4.993855 -4.449648 -16.039674
-0.896454 -4.231087 -12.043525
-0.758729 -4.439628 -12.753256
-4.077304 -4.496267 -13.181077
-5.116302 -1.987922 -15.387121
-5.153840 -2.676551 -13.648854
-6.086722 -2.990575 -15.507890
-3.859227 -5.270232 -15.693783
-7.859711 -3.476900 -12.128577
-6.900260 -1.641567 -12.720913
-5.911383 1.894276 -13.520098
-6.236901 -0.057079 -12.899739
-6.802260 -3.044688 -13.703670
-6.696917 -1.978474 -12.484607
-8.702979 -3.452982 -11.804373
-8.675395 -1.243584 -12.042931
-9.349256 -3.555989 -11.607420
-7.544353 -3.661564 -11.919371
-9.377085 -2.548291 -11.909767
-6.785897 -3.519525 -14.448431
-8.542295 -1.267083 -12.025260
-5.962466 -4.001493 -10.890112
-6.333221 -4.376922 -10.729649
-4.455949 -3.877837 -10.613272
-2.691364 -3.751164 -10.135573
-3.956172 -2.663876 -9.626887
-2.943450 -5.270516 -10.766692
-3.742923 -1.204388 -9.501770
-3.862377 -2.911037 -9.823107
-5.670916 -3.031146 -10.525258
-5.784783 -3.146008 -10.373396
6.024627 -6.527032 4.171779
-5.422159 -4.122955 -9.996183
-4.731642 -2.873211 -9.229072
-4.381000 -1.241984 -10.763840
-2.673663 -4.302230 -11.567870
-4.430824 -5.008316 -9.699539
1.147451 -6.010321 -15.271143
-4.055568 -5.143380 -9.656626
-2.567856 -4.792588 -14.150079
-1.051149 -5.797785 -12.135286
-3.043132 -5.160052 -11.039775
-0.820834 -6.449521 -13.646900
-2.204473 -5.693638 -12.968802
-5.083291 -1.191462 -10.942703
-4.342605 -4.883866 -13.346970
-0.818464 -6.537254 -13.770750
-3.986760 -3.666036 -11.822070
-2.949151 -4.585198 -10.630046
-7.681197 0.083005 -12.518035
-4.739025 -1.285280 -10.599559
-3.708685 -5.755853 -15.275401
-2.759195 -2.893652 -11.052393
-3.079784 -2.135935 -9.171921
-3.659513 -0.874209 -9.493714
-4.306602 -3.113392 -11.925031
-1.687418 -5.243825 -15.048879
-7.613259 -4.287863 -14.171892
-2.366833 -1.606056 -10.192303
-5.344017 -1.619336 -12.890224
-6.914394 -1.547360 -15.241261
-7.765299 -0.324634 -13.644440
-5.703022 -1.351957 -15.451906
-5.276948 -6.699131 -14.093986
-6.935693 -0.028491 -14.218730
-7.119082 -3.790452 -13.444350
-7.589089 -0.475912 -13.809068
-5.370993 -2.792138 -12.294942
-6.122552 -2.555894 -13.463891
-3.963534 -2.058209 -13.530138
-6.170935 -4.809658 -14.084720
-6.783658 -4.511535 -13.125241
-5.543989 -0.531136 -14.789878
-3.597731 -7.003905 -15.013490
-1.350116 -4.753736 -8.031403
-1.930521 -5.422138 -14.963086
1.044921 -6.516668 -16.051621
0.951384 -6.285586 -16.308524
1.655441 -6.980321 -15.879986
2.088414 -5.504674 -16.814092
0.163046 -6.211932 -16.202951
-1.547291 -6.465481 -14.793785
-3.572695 -7.230867 -14.323813
0.896862 -2.278387 -11.753798
-3.158497 -6.933462 -14.806298
-3.549336 -6.256562 -13.979831
-3.818071 -0.493900 -16.679900
0.730324 -5.152450 -15.602520
-4.514908 6.751151 5.631951
2.298281 -6.072720 -14.890615
0.873450 -4.443562 -14.934274
1.410633 -4.284412 -14.888885
-3.611324 0.138160 -16.970245
1.225906 -4.963734 -15.028965
0.051549 -4.861333 -14.544313
-1.394082 -4.798875 -14.030124
-2.889126 -0.725993 -14.591361
-4.535124 6.719564 5.635135
-3.381333 -3.242768 -14.744368
-3.421905 6.337781 2.921176
-1.539278 5.882955 0.569931
-3.974279 5.410347 1.867400
-1.523466 6.218161 -0.176899
-2.451459 7.029999 1.402276
-0.304868 4.387146 -1.368054
-0.373855 2.902494 -2.345769
-2.792117 5.744656 1.588113
-3.553562 6.363125 1.686484
-0.319193 5.133319 -2.566388
0.361757 5.063716 -1.455668
-0.162283 3.036010 -2.349895
-0.939563 6.339972 -0.307085
-6.439380 4.460088 -2.463845
-6.668309 4.934751 -2.718408
-5.892252 5.601968 -1.391809
-7.350684 6.806071 -2.088658
-5.270376 7.658454 -1.245931
-10.607799 7.770981 -2.395303
-6.886993 5.933582 -2.429294
-7.210414 6.244879 -2.399261
-6.794807 7.967741 -1.956548
-6.598348 5.725853 -0.807755
-6.455850 5.781491 -0.485293
-6.652483 4.586783 -2.047753
0.191515 5.292654 -1.582879
2.280415 6.093479 -0.578235
1.448897 6.833041 -2.542711
-0.047459 8.037195 -0.017418
1.610457 7.042475 -1.227189
1.923163 7.840549 -2.666196
2.527944 6.597078 -0.755487
-0.407962 9.390103 -0.146369
1.885784 4.204800 -1.971155
-1.939267 10.655664 0.254187
0.431476 7.152268 -0.297411
1.459922 9.170268 -2.017174
-0.744778 5.971092 -0.164548
-5.943008 8.016737 -1.008903
-3.505462 7.739770 -3.503739
-5.083300 7.082065 -1.255008
-4.172707 5.440321 -1.095090
-3.869902 7.173048 -2.552300
-5.180604 6.866449 -0.909282
-4.966516 5.455693 0.892179
-3.334789 7.133256 -2.571247
-3.933097 6.108923 -1.451185
-4.586541 5.381788 0.254930
-4.935059 6.489499 -0.361720
-4.218728 5.703215 0.565484
-6.427843 8.076696 -1.243836
-0.678600 7.221713 -4.820421
0.427524 6.229336 -5.198500
-2.273333 9.578096 -3.605081
0.045583 8.656357 -3.718562
-0.004306 7.931248 -2.885273
-0.381130 6.183282 -5.079345
-0.987552 7.824431 -5.743521
-0.748863 8.586300 -4.521806
-0.085973 8.641279 -4.838662
-1.352486 10.180455 -4.362558
0.059073 8.300058 -2.484351
-0.666877 7.384522 -6.130088
0.277490 7.495446 -5.272386
-5.390507 5.450880 -1.954185
-5.773081 6.079290 -2.443669
-5.451009 5.199023 1.056524
-4.458134 4.780048 -1.586067
-3.918921 4.389090 -1.564039
-5.767715 6.860201 -2.018697
-4.599998 5.987687 -2.637131
0.123348 7.912038 -5.319422
-3.112706 3.915972 -2.988001
-1.512791 10.291797 -4.485803
-2.501248 3.194845 -3.018379
-1.060987 10.728254 -3.434893
-2.739979 3.485947 -2.984266
-3.023043 10.596126 -1.483806
-3.069148 8.524407 -1.163187
-1.624461 9.741669 -2.368846
-1.946920 8.411780 0.361724
-2.160556 7.631898 -1.966280
-2.884843 9.426742 -2.419163
-1.740164 8.646971 2.635642
-2.248497 10.680572 -2.101737
-2.993694 11.589500 0.327397
-2.563474 9.667981 -2.294956
-3.040010 8.033140 0.008024
-2.714965 10.597239 -1.394727
-2.945539 10.515618 0.807301
-1.352750 6.977238 2.699912
-1.377546 7.200974 2.898944
-0.994935 4.766980 2.737338
0.842203 4.889028 1.359853
-0.363704 4.139987 2.690892
-1.073508 4.909753 2.821939
-2.285612 12.502201 2.418937
-0.433099 3.915423 2.629450
-1.966660 5.808997 3.714936
-0.986749 6.156249 2.654212
0.537424 4.137475 1.416058
1.834383 2.911462 1.190839
2.068685 4.058090 -0.526977
1.476103 3.511959 0.641357
1.244525 3.633587 0.996201
0.893925 3.942983 0.481036
0.624005 3.268556 1.847721
1.411023 4.260393 -0.585488
2.247540 3.635073 -2.634871
1.056426 3.797267 0.233999
1.511040 3.622905 -1.263937
0.882898 5.527824 -0.673734
0.303350 6.982202 1.446045
0.714030 3.819435 0.127896
0.683225 5.929483 0.203711
1.278156 3.397961 -1.589870
-0.061870 6.732900 -0.734517
-2.186240 8.065478 2.784232
-0.774400 7.000834 -2.947623
-1.561739 7.661899 3.204569
-2.879436 10.337234 0.969976
0.271414 6.263419 0.983905
-1.478878 7.386167 1.324996
-1.339860 7.130361 -0.086632
-0.750649 9.484010 0.049359
-1.175603 9.318677 1.366678
0.799564 7.127050 0.797418
-2.632666 7.824218 1.347827
-0.311105 5.480534 -2.751753
-2.483948 11.090241 1.479842
-2.127994 11.922309 1.897727
-2.827185 12.522694 1.578061
-2.444236 11.342555 2.101729
-2.866320 11.211449 1.930733
-1.106049 10.095492 0.676943
-0.586168 10.248513 1.019652
-2.923055 11.624587 2.118889
-0.415708 6.805276 0.113163
-3.739495 8.547887 1.489423
-3.589177 8.330766 2.157166
-3.814269 7.936889 1.615308
-0.956746 10.274595 0.660130
-1.348290 6.850378 -5.168425
-2.098182 8.645139 -3.667418
-1.703801 7.487470 -3.375903
-2.180627 6.835851 -0.918185
-2.183247 8.749656 -3.734338
-1.461059 7.542026 -2.666642
-1.578645 8.909940 -2.140796
-0.845017 7.806929 -3.531557
-1.233794 7.563313 -3.834000
-1.157295 8.044307 -3.015934
-0.064854 6.056372 -4.483949
-2.154851 7.620276 -3.143327
-2.636548 7.632994 -1.557766
2.158570 5.595996 -1.317450
1.148854 5.933919 -1.629078
1.290075 6.119956 -3.470773
0.840629 7.545496 -2.026499
1.318823 5.372541 -3.465185
0.479041 -8.057042 6.794944
0.356955 -7.754824 4.717448
0.764855 8.830172 -1.442830
2.606929 5.844514 -1.461986
1.745543 5.564724 -1.822257
0.927412 5.882366 -4.316513
0.502553 -7.692371 6.126528
0.949609 6.876465 -1.692054
-3.276775 5.834459 4.204464
-0.012092 8.710988 0.258637
-0.517719 8.092630 0.979159
0.786539 8.468460 1.196388
0.047219 6.200370 2.031625
-2.555606 6.253009 3.704073
-2.500712 7.053979 3.676071
-1.857513 9.892689 1.596033
-2.228602 5.680017 1.743868
-2.930636 6.117878 2.880078
-2.480991 9.886355 2.780260
-2.244760 9.129268 2.643054
-2.130362 7.978260 0.354946
-3.797079 -10.178106 -4.709042
8.904490 -7.061057 -5.707156
11.890829 -10.169515 -5.882368
-11.463075 5.502515 8.126195
-11.952213 3.786505 5.967019
-12.011751 3.954405 5.834163
12.541479 -10.453125 -7.258734
-13.681685 7.096851 6.431696
-9.878028 6.944513 4.245039
-11.044265 7.213921 4.832079
11.804013 -8.253555 -5.719943
9.963847 -8.691413 -7.015611
-12.213286 4.419814 5.230682
10.232843 -9.188507 -7.640635
9.895760 -7.345056 -7.263984
9.283500 -12.480163 -5.879103
10.005366 -7.987184 -7.347644
9.018481 -11.268546 -6.423680
8.971086 -10.480807 -7.274792
10.944813 -8.202324 -6.611308
10.565886 -8.859012 -6.868970
8.904461 -12.551135 -6.936645
10.276395 -10.557340 -8.121742
10.438637 -10.755780 -6.778958
10.647279 -11.275595 -7.608936
11.354991 -10.338382 -7.371874
-8.511460 4.483125 9.854581
8.782831 -7.787888 -8.283437
-9.152993 5.572137 7.904259
-9.557167 4.661890 9.294992
-5.701291 4.653105 8.088605
-4.663640 4.232795 8.918637
-10.166889 4.569560 9.667643
9.088624 -7.378358 -3.509469
-9.929726 5.052580 9.309904
-8.989409 5.546209 10.016533
-10.390266 6.018370 7.336996
-6.345656 4.994323 8.779389
8.255768 -9.313847 -7.534368
-10.098427 3.588880 7.785295
-10.037984 4.100795 5.786991
-9.939430 4.119885 5.986688
-10.011695 3.361452 8.161164
-9.178390 4.689215 5.780573
-7.641952 -5.833560 -3.596619
-9.661385 3.306649 6.597654
-11.228216 6.577928 9.941292
-9.547405 4.940602 5.933564
-10.944708 4.350591 7.618549
-9.726732 4.678603 5.543578
10.852884 -8.267261 -5.525401
-8.900180 3.557519 5.739458
-10.038205 6.795235 10.649524
-6.933274 7.524744 9.964022
-8.491843 6.518375 10.293745
-11.220175 5.565362 8.951003
-7.362193 7.010265 10.752235
-7.959479 7.054423 10.982660
-7.538085 6.796797 9.787036
-9.371667 6.387992 9.626024
-7.166492 8.388092 10.110508
-7.287911 6.562556 11.100442
-7.835730 8.002716 8.490137
-10.223717 6.011032 11.064818
-7.331740 7.645894 10.027897
-9.367546 10.097223 7.294044
12.198435 -10.047767 -5.100320
11.910395 -9.758417 -5.149544
-9.836254 10.685037 6.360046
12.032783 -8.335764 -3.848280
11.689760 -10.821204 -5.494880
10.593620 -8.949972 -5.397950
-9.877458 9.583724 5.799400
-9.963491 9.628947 5.846818
-7.662229 8.698669 6.388494
10.550338 -9.029170 -5.403167
9.870960 -10.371393 -4.662259
10.427576 -12.489689 -4.470206
9.254933 -7.138173 -7.202279
7.962120 -10.451135 -7.194963
8.874667 -10.455257 -6.902429
9.767919 -7.358117 -9.341480
10.071781 -9.903602 -5.932061
8.629329 -7.470504 -7.545565
9.455499 -7.955104 -6.974366
10.047727 -7.738838 -9.170742
10.496912 -8.337008 -8.463633
9.732625 -6.805913 -8.184539
8.791688 -11.067254 -4.682627
9.338005 -6.011586 -7.832243
8.716162 -10.139214 -7.908047
-9.308235 6.574733 8.719598
-6.868337 4.559497 11.516665
-3.930624 4.764199 11.647524
-5.546875 4.899981 10.218853
-7.588931 4.892623 9.854775
-5.450720 5.348198 11.100620
-5.581729 4.063037 11.720184
-7.787435 5.156900 10.018437
-6.411623 4.854305 10.244396
-9.726862 5.389209 8.002202
-5.873699 5.592475 10.945496
-5.733643 4.516242 11.269076
-5.600462 6.151746 9.467060
9.923033 -6.723952 -4.850096
8.822018 -5.387878 -5.364224
-10.152954 6.065461 9.656211
10.579220 -6.193747 -4.300977
8.790624 -6.572916 -4.291471
10.750163 -6.193992 -4.167474
-10.882082 5.876494 6.703512
-11.174488 7.918623 7.862303
7.758307 -9.170423 -2.182287
-10.866872 7.585958 5.416852
-10.511872 8.523828 7.404890
9.890474 -7.169768 -5.341871
-10.738526 8.512567 6.618859
-8.553628 8.168280 6.139668
-7.629166 8.694440 6.646718
9.127231 -10.818676 -7.323238
-10.091058 6.989602 7.414581
9.414951 -5.811209 -7.910467
8.028789 -7.190548 -7.051558
-9.312636 9.466645 5.854953
11.309385 -10.466157 -4.883920
-9.459508 7.469861 6.442682
8.088477 -10.412053 -7.892416
9.721185 -10.440724 -8.239007
10.073480 -12.369293 -4.804189
11.692151 -9.008914 -6.784266
-6.332186 6.901761 8.351086
-8.224196 6.368770 7.017679
-9.213700 8.409420 5.778165
-9.292724 6.705621 5.750429
-9.887099 7.213735 5.091294
-11.540754 5.190709 7.581830
-8.941139 6.597686 5.665336
-8.904374 8.224154 5.691618
7.538173 10.024249 1.884111
-11.915495 7.880860 4.813083
-11.634111 5.993354 5.787555
-8.342871 8.881416 5.236347
-12.912863 3.823195 9.387990
-7.574450 7.069507 8.812687
-6.383001 5.820741 8.008888
-4.628523 4.225446 8.956313
-6.458096 5.863066 7.151326
-6.974728 5.934918 7.879068
-6.878904 5.919134 7.651582
-7.433995 5.633764 10.661404
-6.410263 5.210248 7.227667
-8.174180 7.103861 5.627701
-7.382300 5.272112 10.713337
-4.854365 5.074829 11.028116
-6.863600 6.827362 6.915591
-8.008526 6.053290 7.121492
9.090796 -10.124774 -5.776333
9.319023 -10.006941 -4.619527
9.630358 -7.250585 -5.213210
7.554833 -7.110999 -5.523089
7.584588 -11.514477 -7.374236
8.544903 -9.756004 -5.207748
8.351681 -12.262892 -6.602713
8.748560 -9.678808 -5.934914
-11.816973 6.596695 4.731390
8.406204 -7.758447 -4.593276
9.485004 -8.378162 -7.960255
9.136396 -9.543552 -4.421998
8.781422 -7.637149 -4.357691
-8.455985 8.707171 8.702766
-8.743772 9.657099 8.252813
-9.553441 9.345185 8.687809
-8.207538 10.275760 8.182609
-10.857686 7.062218 8.912203
-11.994349 4.865898 8.672529
-7.503201 9.647358 8.096754
-10.002289 7.298942 10.509148
-9.916464 9.333494 9.040772
-7.971572 7.987420 8.672219
-7.930384 9.102120 7.674102
-10.143283 8.820698 8.123934
-9.077161 8.400194 10.248833
4.450360 9.703363 6.794946
2.305918 13.465239 6.979942
4.824198 9.444299 7.363565
2.134976 11.863725 6.319824
5.673084 10.399993 7.113243
5.471140 13.355326 5.651861
4.622144 10.330973 7.418028
9.150568 11.645960 7.789111
4.424152 9.804186 7.380605
2.932645 10.471514 6.885595
3.939855 8.331369 6.573968
5.185177 8.526216 5.293970
3.010374 9.016785 7.113893
7.803174 14.865604 5.243247
3.198547 13.328063 4.494839
4.138179 11.305954 6.427920
8.799104 12.779431 7.159078
7.604465 11.311402 6.827088
3.742364 11.294982 5.565236
7.901559 11.112052 6.914144
7.846699 12.865022 6.597131
8.578259 11.285176 7.744625
2.825336 12.051835 6.739142
5.025244 12.696521 2.630826
7.692227 15.746698 3.144241
8.767679 13.633705 3.917726
8.238047 13.559578 4.807732
8.798933 13.054372 7.473628
6.231783 13.169424 5.663527
9.763539 14.102378 2.020725
9.218504 11.802093 5.250038
9.019809 11.788440 5.208567
5.030797 15.755458 6.346177
3.371856 12.712091 7.478457
8.959173 15.258414 4.253984
6.191291 13.418521 5.159695
8.342328 13.161574 5.545432
8.086696 11.397796 5.368342
5.234204 11.485336 2.301553
4.226259 10.506130 1.906434
3.058508 11.122111 2.855186
3.389611 10.558951 1.775090
8.719444 11.513651 1.195990
3.077150 11.898939 2.925372
4.617670 10.949978 2.160158
2.418960 11.788839 3.026359
5.155622 10.619813 5.174252
1.785243 12.931791 2.368562
1.977285 12.090751 1.682449
3.651928 11.683491 2.820097
0.284495 -4.279933 4.423832
5.702211 11.431474 4.015768
7.670119 11.065359 2.606212
6.766987 11.827471 4.151947
6.622362 9.953249 4.340254
5.963374 8.637129 4.031613
7.223955 9.705316 3.260993
6.056998 9.998175 4.447378
7.867885 10.302413 2.198011
7.162105 9.686512 3.070989
5.802611 8.602889 4.423000
5.500072 10.687582 4.114058
6.056898 10.861517 4.856557
5.627766 9.543839 3.813609
9.840937 11.979567 6.112040
10.115522 12.714436 5.935590
9.747550 13.084088 5.737299
7.929765 13.364271 6.950037
9.622517 11.997411 7.249292
9.626544 14.268270 4.306230
4.667417 16.256161 6.199596
9.852921 15.020581 5.783020
10.224016 13.366809 5.396336
4.323720 12.484525 9.082171
9.381519 14.855504 4.617463
4.175303 12.329646 8.195808
3.828147 12.480715 8.369229
3.213739 11.634190 0.174195
3.027722 11.615392 -0.463009
3.442099 12.064251 1.898147
6.620344 14.066432 0.888421
3.413437 11.062783 5.069518
4.064412 11.685267 3.174711
6.498595 13.943652 0.731982
3.305220 11.084922 0.041816
6.704180 12.573985 2.781617
2.991189 12.358363 1.030043
5.538642 14.542851 2.566119
2.019538 11.384441 6.451681
8.563239 13.555598 6.038563
11.659998 16.993597 6.177642
9.403449 13.882023 6.899517
9.909550 14.832955 3.860565
8.942278 12.786217 3.693842
11.502473 8.667600 2.734190
8.610636 12.457745 3.242778
9.552451 13.017655 2.849013
10.267857 13.214711 4.117863
9.589544 13.470660 3.494526
3.656944 14.828552 7.630200
8.314005 11.113172 3.607402
8.711582 14.768313 4.069319
7.898116 13.684103 2.792692
8.833236 15.625018 5.166481
7.240646 15.050011 1.815749
9.212048 11.939978 3.861628
2.688658 12.900190 6.609461
5.172591 10.857848 5.898728
9.655591 11.074572 6.465151
3.840802 15.333113 6.451719
5.966238 14.999702 6.724230
4.414887 11.421330 8.463052
10.051188 11.188345 6.246585
5.580344 15.671638 4.816685
4.951024 8.733964 6.684807
6.978377 15.836748 4.295347
9.889877 15.233100 2.995213
6.740783 10.071187 5.396295
4.580234 14.603412 6.013371
6.087662 14.828511 6.298391
2.527142 13.571832 2.194748
3.970185 15.577192 4.919581
4.800962 11.639821 5.330230
4.906578 12.732598 5.350724
4.666806 14.769609 4.216540
4.426054 15.600296 4.751303
3.821884 15.673909 4.587580
4.867799 12.258579 4.280163
3.156466 14.874370 4.162481
1.306072 14.353325 5.575251
1.879498 14.291008 6.222407
1.792472 15.938131 4.111032
2.381171 15.160413 4.349816
3.585616 12.337042 3.055839
3.372050 12.990845 2.281063
3.133366 13.322189 1.994289
3.230990 12.661789 3.444885
2.683779 13.500790 5.318977
1.803974 15.740882 4.227344
2.601905 14.687590 5.729859
4.716529 12.064551 -0.060607
3.131727 13.594057 1.366724
7.164327 14.236408 2.510315
7.901536 14.930212 2.233048
8.837813 14.801744 2.799595
7.879334 11.926763 2.156578
7.891763 16.024950 2.605312
8.604662 14.719175 3.996134
9.715758 14.537822 6.684446
6.987320 13.189734 4.544975
7.228019 13.742231 2.107024
6.590179 14.939440 2.380772
6.313315 14.528072 3.420692
6.442364 14.348418 3.870217
4.987034 14.107501 4.965362
0.623517 13.846386 5.566047
1.469151 12.261773 4.740485
2.359087 9.577131 6.983819
2.809134 12.348159 4.463789
1.512557 13.475633 4.952513
2.146010 10.630860 5.173141
2.156651 9.987446 6.030278
1.979011 13.161139 4.685973
1.201829 13.258434 4.376453
1.440259 11.217216 5.622677
3.312760 15.713598 6.333869
1.911626 10.490352 6.748270
3.546734 9.629351 5.105967
6.456182 10.357771 7.662338
6.530749 12.968887 2.181845
6.409143 11.331244 7.705798
6.634950 11.847531 7.511031
5.839547 12.709879 2.468097
5.746616 8.722890 6.160500
6.821471 12.211169 7.153855
7.858515 10.236742 8.178122
5.826183 9.724091 7.203415
4.198280 10.929647 8.047638
7.053611 10.237503 6.290215
3.524498 10.090785 7.115407
7.022405 13.444013 3.460363
4.910304 -3.654512 7.590933
7.213323 -9.299095 10.713361
9.674717 -8.485756 8.218563
9.254667 -8.615224 9.174355
4.718874 -4.390364 7.250916
8.595376 -7.500698 8.761522
7.866666 -8.730176 10.689836
7.494259 -5.602642 9.636536
9.001244 -10.186366 8.223316
5.102924 -9.077809 11.441642
8.696123 -8.821598 9.818366
6.982047 -6.872345 10.319625
6.659036 -7.525654 9.281912
5.642905 -7.470470 12.367564
5.438214 -7.334216 12.979469
6.355614 -4.705899 13.554410
7.643376 -7.316360 6.925528
6.044474 -9.611030 8.585645
5.968851 -6.158694 11.966541
4.999175 -4.136647 14.241881
6.805538 -2.129515 11.475870
4.830778 -4.822057 14.112256
6.645032 -6.844716 7.600124
6.565369 -4.372620 12.911684
5.244374 -5.427901 13.991487
6.544234 -6.825717 6.135354
5.914825 -5.196657 11.026705
6.631791 -12.004791 9.882349
4.852119 -5.306079 10.823789
6.324412 -10.712501 8.149788
7.490718 -8.619478 7.223339
6.230529 -9.396855 6.191241
6.137250 -9.708482 11.108095
6.159290 -9.059338 11.361305
4.560305 -6.525063 12.962233
6.566031 -5.957215 13.822907
5.716223 -9.121928 11.517001
7.398303 -10.008858 9.001636
3.632879 -13.309252 6.838767
3.452687 -13.999139 6.407792
3.812500 -14.034546 5.892453
5.923066 -14.750248 2.006003
2.543952 -12.528234 7.936600
3.478803 -13.448282 6.200761
4.301900 -13.880055 5.041254
0.433437 -15.251502 7.958227
2.410300 -12.856863 7.435907
2.065449 -12.432510 4.722140
4.283198 -13.845892 5.720881
3.246943 -14.013760 5.658485
2.745207 -13.189087 5.803523
6.720605 -1.504278 11.069345
6.320984 -4.299934 8.489300
7.244811 -8.454230 7.115616
7.257436 -7.709071 9.866037
6.943938 -5.127271 8.175486
5.727118 -2.572558 9.678624
7.501518 -8.183423 6.139061
5.798252 -4.471240 9.772674
6.739930 -4.903715 8.761108
6.092375 -6.126263 11.295117
6.267017 -6.062419 8.791862
5.379033 -2.933523 12.011530
6.659314 -4.795175 8.137948
6.592741 -5.690492 9.719795
7.574290 -7.911836 6.011850
8.324774 -10.328311 5.433731
8.724798 -10.941835 6.145152
8.438126 -11.071654 6.133018
8.891853 -7.981896 7.054218
7.703726 -8.736225 6.533340
8.712106 -9.067018 7.556071
8.695238 -10.461800 5.719758
9.226710 -9.008776 6.819268
9.270770 -9.334286 7.043168
9.135471 -10.192797 7.183660
6.280962 -5.412885 8.779185
5.638520 -9.271760 10.047192
6.124296 -5.475076 11.397439
4.363095 -6.060436 11.433819
4.326989 -4.876076 12.339854
5.589223 -8.380957 10.050443
4.370777 -4.743897 13.649327
4.313851 -6.684154 11.478062
4.867364 -7.612835 12.075338
5.935730 -7.276943 7.158714
4.422053 -4.434615 12.966528
6.782891 -7.093355 12.509079
5.121164 -7.544912 11.670554
6.986459 -2.603915 10.570866
3.990217 -12.025355 9.760719
4.252105 -11.056131 11.517271
4.485690 -11.477134 9.106206
3.903452 -10.768302 10.979868
6.086304 -11.757133 8.603204
3.968016 -11.067812 11.077402
5.076580 -11.472006 10.266957
5.647758 -8.411637 9.693569
4.867372 -11.722550 10.356677
5.018210 -11.935935 9.301743
3.925647 -9.777628 10.488534
3.812769 -10.732148 9.589655
3.589611 -8.115976 10.195899
3.843632 -9.614605 10.273224
2.792144 -7.785098 10.793847
2.210798 -8.864290 10.231908
3.926834 -9.056949 11.744845
2.359648 -7.957169 10.407654
1.386948 -7.414020 9.590059
2.945647 -5.051139 10.379640
1.203423 -7.325553 9.581129
3.320330 -9.629498 11.449892
5.955467 -4.186983 6.916175
3.103543 -5.526277 10.807117
2.504535 -8.002901 9.527559
5.672708 -3.070518 9.232695
5.828233 -7.231231 7.447615
7.773722 -8.313695 5.934719
4.248194 -2.772844 9.779445
5.152199 -4.791729 7.005755
6.134926 -4.819409 9.502476
5.946952 -2.330175 8.490311
4.978984 -2.766203 10.209252
5.404631 -2.820952 11.820284
6.650233 -4.611288 11.067872
5.508239 -1.845951 9.408774
7.657496 -7.081256 6.784367
5.825942 -5.828857 6.167217
4.886800 -3.130156 10.014368
4.944681 -8.136621 8.405911
4.152293 -6.771664 9.194481
4.411666 -8.688003 8.455754
4.497488 -5.968639 8.781968
4.261945 -6.754693 9.583969
6.736815 -2.846832 9.648328
5.507873 -4.031682 8.577467
4.533933 -4.516076 12.768169
7.229933 -8.954941 9.592738
7.506910 -5.029366 12.196881
7.730960 -8.899668 8.699319
5.636952 -5.540736 9.152368
5.254517 -10.897018 8.277472
5.563929 -11.243560 7.096715
5.312917 -11.560103 8.302363
3.927317 -9.774900 9.176416
3.647338 -10.583196 8.637450
6.511822 -11.014315 6.736542
5.596256 -10.580941 8.356266
4.244562 -9.327960 8.009007
5.307359 -9.956994 9.071789
4.800912 -10.357331 8.463084
4.145191 -11.688080 8.106788
5.908639 -10.586840 7.033057
4.536886 -11.476287 7.695822
6.555078 -0.883647 10.900747
6.708314 -1.464167 10.759654
4.341922 -4.546107 10.243471
3.830427 -2.317810 11.674835
4.107186 -1.501089 10.611038
3.985219 -2.627489 12.212385
5.040389 -3.529945 11.048528
3.814322 -3.738912 13.098965
3.741097 -2.706457 10.948557
8.046050 -6.128241 10.260170
7.118433 -4.280086 12.266972
3.111124 -3.488004 11.550609
7.359813 -4.507193 9.421933
8.345300 -7.598215 8.934703
7.443575 -4.697371 9.298335
6.023262 -11.924160 10.475991
8.486213 -8.494401 7.304343
6.902474 -6.700344 11.336034
6.566982 -8.563087 12.826815
6.141845 -5.053031 14.076864
5.795178 -6.355030 13.944890
5.705120 -7.164244 9.711869
6.653202 -3.068679 10.791686
5.553585 -7.049961 7.257119
5.993626 -4.609785 12.669634
-4.560500 -4.038651 0.130702
-4.102105 -7.056515 4.521862
-5.085447 -4.586103 2.516912
-3.300842 -6.992747 6.473889
-5.277550 -5.267657 2.898368
-3.183920 -1.355417 4.080774
-1.986302 -4.162068 5.434901
-3.729748 -6.242392 6.278031
-2.795545 -3.064881 4.220216
-5.915924 -7.277560 4.002835
-6.323784 -2.700590 2.793867
-3.435151 -7.034995 6.906314
-6.644178 -7.105675 9.113777
-4.480613 -4.340844 1.742942
-2.930927 -2.796449 1.850278
-4.895664 -1.094352 3.887347
-4.708145 -4.381737 1.809008
-6.393237 -8.405406 1.874093
-5.536132 -2.749328 1.767665
-6.318227 -8.097100 1.865517
-5.653195 -1.771488 1.582547
-5.178390 -2.075414 3.806177
-4.978213 -2.561466 2.866562
-6.046107 -2.615775 2.145002
-5.960587 -1.523281 0.883592
-2.936828 -2.672405 3.641036
-1.662975 -5.045973 -2.398593
-1.096811 -6.161146 3.297731
-0.623335 -5.560422 3.414509
-3.660613 -2.317165 -0.522249
-3.127824 -2.856973 -0.590900
-0.640558 -5.210844 -3.682761
-1.689790 -4.231326 -1.541202
-2.661432 -5.081557 1.961040
-2.417198 -3.670475 -0.812446
-4.664235 -4.869330 -3.624981
-2.776791 -2.516694 -1.054451
-0.807958 -5.043319 3.547798
-1.251135 -3.317678 -4.745954
-3.445103 -5.588222 2.582145
1.486988 -3.810458 -2.695996
-0.461551 -3.152190 -2.474892
-2.621705 -3.486902 -3.459568
-0.625685 -5.075452 -4.981986
-2.502302 -2.799714 -4.122697
-1.802502 -5.928907 -0.670949
-0.393719 -4.389371 -1.307312
-3.584181 -5.312934 2.086017
-2.720236 -4.161394 3.009738
-1.056345 -2.652828 -2.368802
-1.894956 -3.497469 -3.462531
-4.861961 0.146180 0.804580
-5.098319 -1.112063 -0.581402
-5.376885 -1.495501 -1.159637
-4.327162 -0.040508 0.167865
-5.602685 -1.147892 -0.392879
-5.879017 -0.923307 -2.105453
-6.368160 -0.258895 -1.646840
-6.440293 -0.733909 -1.202572
-3.726492 -0.603267 -0.261563
-5.169250 0.120370 -0.028163
-6.262835 -0.267113 -0.926258
-6.231229 -0.799480 -0.944827
-4.540270 -0.069748 -0.190176
-2.960853 -4.704645 -0.882939
-0.322918 -4.583885 1.349828
-2.541216 -5.066972 -0.531705
-1.555050 -3.702861 1.058038
-1.566825 -4.068780 -0.079878
-1.019076 -4.384501 1.957248
-0.457980 -5.274705 -2.050584
-2.019818 -2.617464 2.501314
-0.745950 -4.286130 4.110379
-1.110312 -3.951861 -1.808108
-1.700510 -4.546877 6.423298
-2.555679 -4.838378 -0.301238
-1.400573 -4.051042 2.715733
-1.106738 -0.364604 0.700272
-13.242177 -4.028963 5.537692
-1.392961 -3.579339 4.276837
-1.641192 -6.155193 -4.055752
1.691734 -5.552005 -4.545492
1.558316 -5.014094 -4.914282
0.127844 -2.115123 -2.517201
-0.997612 -0.716115 0.834812
2.093444 -5.718552 -3.694378
2.038479 -5.454734 -3.160885
-7.071536 -3.534255 -0.128490
2.430846 -5.702991 -3.121142
-1.067527 -0.661562 0.314391
-3.550239 -3.810885 -2.406826
-3.660674 -4.936053 -3.371957
-3.934733 -5.157558 -2.234907
-3.111009 -6.179844 -2.173369
-2.436679 -4.248468 -3.681049
-3.011351 -5.193393 -3.147395
-1.772961 -2.972116 -0.529345
-0.593361 -5.111290 -4.238300
-4.541409 -4.748536 -2.585078
-1.396154 -5.869466 -3.333576
-2.822214 -4.359582 -1.754344
-0.747752 -6.675591 1.909443
-4.464985 -7.785369 2.709368
-5.886005 -6.737247 0.225782
-5.188175 -6.348281 -1.240672
-4.304371 -3.447472 2.104542
-4.556552 -7.660923 3.039465
-5.203250 -6.758929 -0.312748
-5.125957 -6.887043 -0.011162
-1.794150 -7.453997 2.256099
-5.589336 -7.058997 -1.409316
-7.119943 -5.748393 2.348269
-5.309771 -8.413950 0.928405
-5.676666 -7.114602 0.481003
-3.807132 -6.130107 -2.797321
-2.965761 -5.628004 5.938331
-3.550210 -5.310642 4.715980
-2.335326 -7.368821 4.475808
-4.217490 -7.398405 5.615535
-0.546002 -6.654716 4.607423
-2.586989 -7.519288 3.644904
-3.742941 -7.290267 3.694974
-0.798965 -1.247780 1.635676
-4.313478 -5.764079 5.653054
-5.063357 -6.349251 4.486222
-5.147957 -5.429823 4.185871
-4.709613 -6.303431 3.680122
-2.848204 -2.769903 4.639362
-1.951338 -4.228116 5.533522
-3.102349 -5.357082 4.392845
-4.619684 -4.717002 3.852954
-3.861058 -2.786890 4.102916
-3.069107 -4.141928 4.314626
-2.712141 -2.550572 2.276605
-5.025720 -7.432259 3.644154
-5.686667 -5.589664 3.193096
-3.468583 -3.487763 5.080801
-2.221671 -4.373905 5.384706
-3.608049 -5.988373 4.277994
-1.118340 -5.166212 -4.236854
-1.168419 -5.791328 -3.497309
-1.669743 -6.018175 -3.447746
-0.481418 -3.768541 -3.343070
-0.839167 -3.755710 -4.493806
1.880345 -5.779294 -5.511865
-0.081986 -4.509630 -5.516418
0.096735 -4.289564 -5.053010
1.278424 -4.777026 -4.911460
1.828194 -4.722312 -3.564724
0.858485 -4.626235 -3.596384
2.121907 -4.509642 -4.998384
0.766107 -4.029158 -3.162535
-10.159235 -4.979027 5.969842
-4.043373 -6.901750 7.610829
-0.119254 -3.075756 3.980319
-4.850753 -1.282637 0.913715
-2.851312 -5.095425 4.241164
-5.597528 -0.610885 1.901266
-4.362901 -1.226944 1.588101
-4.436445 -0.539825 3.117766
-5.055537 -0.142378 2.724671
-6.781737 -5.066521 1.831541
-4.230113 -7.057894 1.629484
-6.590632 -4.586657 1.292837
-5.221082 -4.238689 -0.543620
-3.349350 -7.753229 2.039204
-1.728796 -7.186062 2.804971
-6.135800 -4.013346 1.110594
-5.435930 -3.637343 4.772067
-6.628184 -3.941470 0.146974
-6.258575 -4.880340 4.556254
-6.547369 -0.727534 9.706013
-5.410078 -3.034264 4.276544
-5.714088 -4.162978 -0.417468
-5.465368 -10.352853 -8.283284
-1.827652 -11.906789 -4.265033
-2.364702 -11.535767 -4.490682
-1.834662 -12.306315 -3.929973
-1.430949 -11.715361 -5.696302
-5.833843 -14.329918 -3.283290
0.227142 -7.513859 5.932418
-3.107333 -11.084460 -4.544575
-5.805281 -11.617401 -2.032915
-2.763210 -12.046321 -3.052955
-2.144999 -13.411465 -3.148108
-7.614128 -9.468838 -4.656951
-6.901274 -13.103580 -0.748234
-4.610666 -12.463129 -3.869521
-4.772402 -10.165716 -4.528104
-4.164249 -12.004572 -4.055376
-3.880780 -11.462741 -3.200217
-4.105562 -13.611567 -1.829836
-3.312669 -12.754029 -3.782390
-4.565891 -10.739774 -5.448797
-6.105735 -10.729554 -5.739141
-6.538555 -10.985811 -6.305309
-3.966491 -10.996763 -3.977088
-5.533729 -11.362737 -8.229329
-4.855514 -11.383022 -7.048357
1.277187 -10.609658 3.776557
1.694390 -10.048114 5.514536
-6.984877 -13.887160 -2.940220
-3.164109 -14.142094 -2.052203
-8.741557 -11.641620 -6.178036
-3.413674 -17.275825 -4.293440
1.463033 -12.161821 5.071434
1.580910 -10.180844 5.139117
1.835226 -10.628717 4.426400
1.403212 -10.809794 5.263519
-2.251116 -13.193810 6.778411
-2.686525 -13.261113 6.288054
1.496617 -11.746129 5.516500
-6.347171 -11.850548 -2.181437
-3.826656 -15.395132 -1.955968
-3.857346 -15.371387 -1.926955
-5.154948 -12.406963 -9.152915
-4.608221 -12.599969 -8.800920
-6.202467 -14.595241 -6.273353
-6.086619 -13.697483 -6.955374
-4.428001 -12.973344 -8.617983
-4.753040 -13.301823 -7.081161
-4.211269 -12.958885 -8.975001
-4.764793 -13.888698 -6.937118
-8.334490 -12.435549 -0.793212
-5.018544 -13.671116 -6.532561
-3.154680 -14.778453 -9.759238
-9.919480 -13.549759 -1.866993
-2.099343 -15.058935 -8.410680
-2.094306 -5.639067 2.259211
-7.784830 -13.840680 -0.338781
-2.604419 -14.792930 -9.338918
-9.333529 -13.333148 -2.479692
-8.030585 -14.504974 -6.788123
-2.370992 -15.206582 -9.392908
-2.673600 -14.020893 -9.691469
-4.557799 -14.581404 -4.925932
-8.726342 -14.197195 -2.621892
-4.815075 -15.336299 -1.236870
-3.153504 -13.866307 6.447684
-4.505534 -13.052313 6.501541
-2.992025 -13.088249 7.149656
-4.546297 -13.118899 6.812681
-13.990127 -2.625220 1.264776
-3.729370 -13.320219 7.039897
-2.958275 -12.551491 6.966695
-4.572791 -13.360712 7.906137
-4.154228 -13.951628 7.681373
-4.122775 -13.339841 6.220732
-3.406064 -13.261393 6.334305
-3.482010 -14.136391 6.648633
-3.013708 -12.378255 5.881536
-3.948949 -14.341793 -4.258249
-7.001172 -14.970441 -0.403158
-4.623516 -14.978781 -0.808231
-7.309612 -14.443101 -0.881502
-9.411996 -6.264333 -9.243411
-8.172499 -13.912318 -1.972491
-5.118501 -14.214058 -1.110674
-5.274282 -11.682956 -6.634083
-6.982035 -13.896132 -0.506903
-4.219554 -14.801251 -1.936030
-7.512942 -12.956484 -1.251032
-9.067324 -12.651580 -1.262624
-6.090077 -13.295467 -2.013286
-2.097610 -15.331885 -4.629332
-3.414771 -15.652684 -5.347952
-3.257802 -15.507401 -5.064215
-7.717267 -14.821359 -2.843766
-3.375519 -16.443027 -3.425149
-4.420809 -15.306761 -3.860382
-2.747687 -15.006634 -4.017831
-2.128963 -15.468276 -4.551327
-3.416472 -16.146361 -3.292852
-3.903000 -16.817993 -5.539116
-7.227713 -15.252234 -2.660292
-1.853432 -14.798127 -7.606825
-4.393011 -15.832546 -6.081646
-3.974065 1.379916 -13.084309
-0.750027 -13.369473 -7.472933
-1.053034 -12.411902 -7.359557
-8.144244 -10.510328 -7.092574
-0.269055 -13.353887 -6.993698
-8.582005 -10.828542 -6.842534
-0.705488 -13.584385 -7.581169
-1.429131 -8.211711 2.854696
-1.103379 -13.467490 -6.563545
-6.028056 -9.653681 -4.327632
-7.391882 -12.277507 -8.500655
-0.043426 -14.213699 -7.359497
-7.141935 -9.377437 -4.456901
-5.567146 -11.394704 -9.501634
-1.837259 -13.847884 -3.520084
-5.641310 -11.532542 -8.890507
-8.667720 -13.891143 -6.191655
-8.966025 -13.158391 -5.300687
-7.799990 -14.628423 -6.857607
-4.803004 -9.435537 -4.590786
-7.684046 -11.223473 -6.161152
-8.591485 -14.334476 -6.430463
-7.556278 -11.684693 -5.237285
-7.139715 -11.257516 -5.849936
-6.753186 -13.138929 -3.080643
-8.857719 -11.553235 -6.425314
-4.129806 -16.063524 -6.761118
-7.566496 -15.510496 -5.442744
-8.413813 -14.633824 -5.723603
-7.702645 -14.150206 -4.352227
-4.852556 -12.683175 -5.658840
-9.182212 -14.052331 -7.190630
-2.858221 -13.703451 -2.330383
-7.392496 -13.466810 -5.376618
-5.469767 -15.199996 -6.423519
-8.995232 -13.715027 -3.886359
-9.377413 -13.797299 -4.499568
-9.466994 -13.021999 -3.161394
-6.872174 -18.136383 -3.607250
-6.482892 -12.873787 -2.492443
-6.476397 -14.600411 -5.877824
-5.883277 -13.827957 -4.454744
-7.101080 -13.080554 -3.999813
-5.862953 -14.635134 -3.432350
-4.965009 -16.089738 -3.727511
-6.055586 -15.474561 -3.954853
-7.085923 -12.188273 -2.717310
-5.489844 -16.158351 -3.649156
-6.937769 -14.619631 -5.077001
-8.135570 -11.405140 -2.645077
-7.986205 -11.886820 -2.889071
-2.968745 -13.729939 7.748126
-1.641631 -14.851516 6.805303
-1.536860 -14.765488 7.300537
-1.826327 -14.728503 6.609582
-0.299439 -11.462886 5.350103
7.089452 -6.778749 -5.415476
-1.035487 -12.864302 6.291040
-3.139762 -13.437027 -3.333326
0.871712 -11.118384 5.959196
-2.785696 -11.594062 -2.395910
-3.453421 -6.484922 -16.458033
6.993301 -7.324216 -5.546219
0.397640 -11.383141 5.535100
-4.519205 -14.924425 -5.669672
-7.002002 -12.509861 -5.413400
-3.859289 -13.759946 -3.681679
-5.507916 -12.169772 -4.290490
-6.451898 -11.218336 -2.754962
-7.199021 -12.145220 -3.865537
-5.854952 -13.667499 -5.736992
-5.429924 -12.817747 -4.804958
-5.999093 -13.028068 -6.530264
-6.741495 -12.529884 -6.781407
-5.060210 -10.449609 -3.286990
-6.045227 -11.928372 -4.835962
-4.647960 -11.209622 -7.534346
